[LEFT_CAM_2K]
fx=1399.53
fy=1399.53
cx=1127.68
cy=631.465
k1=-0.171801
k2=0.0246798

[RIGHT_CAM_2K]
fx=1400.46
fy=1400.46
cx=1123.2
cy=636.205
k1=-0.172683
k2=0.0254097

[LEFT_CAM_FHD]
fx=1399.53
fy=1399.53
cx=983.685
cy=550.465
k1=-0.171801
k2=0.0246798

[RIGHT_CAM_FHD]
fx=1400.46
fy=1400.46
cx=979.198
cy=555.205
k1=-0.172683
k2=0.0254097

[LEFT_CAM_HD]
fx=699.767
fy=699.767
cx=650.342
cy=363.732
k1=-0.171801
k2=0.0246798

[RIGHT_CAM_HD]
fx=700.23
fy=700.23
cx=648.099
cy=366.102
k1=-0.172683
k2=0.0254097

[LEFT_CAM_VGA]
fx=699.767
fy=699.767
cx=330.342
cy=243.732
k1=-0.171801
k2=0.0246798

[RIGHT_CAM_VGA]
fx=700.23
fy=700.23
cx=328.099
cy=246.102
k1=-0.172683
k2=0.0254097

[STEREO]
Baseline=120
CV_2K=0.00386103
CV_FHD=0.00386103
CV_HD=0.00386103
CV_VGA=0.00386103
RX_2K=-0.00353565
RX_FHD=-0.00353565
RX_HD=-0.00353565
RX_VGA=-0.00353565
RZ_2K=-0.00265343
RZ_FHD=-0.00265343
RZ_HD=-0.00265343
RZ_VGA=-0.00265343



